529120576079
296022769723
68802443599
76078076777
176155659587
480616032991
947873523473
387074784751
238102333409
809589029573
598093564169
539604726779
164461865189
464062006657
674774634013
742573566139
335768084011
946437590083
189977647973
43542721421
109487160313
969651060803
521818323277
77308555579
502215835669
881360033531
953951835449
150856037201
326120300057
918229898447
907423822973
659671104997
998696358133
255469808497
284989807147
127564950109
708431345161
375132077953
938185177889
489838585813
187227741697
992888403103
377110285169
67713898981
22442231561
207757234183
737026920037
6298346317
553277646401
505462879517
612341235019
673191060203
75848080019
780338794057
439677694633
182873167391
22965334939
456780037817
297941569183
131647133369
601150028519
129237542009
146759597471
995062312589
968980043573
220346730347
755456078477
236183743573
638868181823
207160579151
938928675871
120319535443
679327900751
236312983061
173695907971
67432104059
455372788243
451821492917
592284781019
241282709279
768805461143
414928891031
970180077649
757346844521
78471170027
305679248041
750762287567
770112161699
167076548603
881555783161
934413592921
497842174363
820698394231
888475070683
84414734689
97653216743
421167197327
542621728843
277911979769
568284972193
801072289697
101955089833
687110232521
850096844039
527360563963
623017374769
728898085957
614809673741
